0.00340848571792	0.0468287941936	-7.37436744e-05	0.0114545053972	-0.00120069784518	-0.0010727791644	0.000251584653348	1.99948938508e-07	6.46230718496e-10	-0.000605980211592	-2.5851602306e-07	-1.287871576e-09	-0.0012661197193	2.03742856304e-07	-9.15994240224e-10	-8.8010505716e-05	-1.00746978196e-09	1.67603291431e-09	-0.000191650260744	4.97694044336e-08	-1.09667094207e-08	7.38605412528e-10	-1.33491499506e-09	0.000310378675989	-9.316832976e-08	4.55416922112e-09	-1.00214526792e-11	-1.41573681108e-10	3.11475583664e-10	-5.25337794608e-05	-6.52452895384e-08	2.3332469164e-10	4.11476846224e-10	-2.07568357962e-11	1.4800182046e-10	6.9043319104e-11	0.000147642908409	9.042278252e-08	2.16268363093e-09	-4.21338802288e-10	0.000337499464576	-0.00257068135158	0.00361598759742	-0.00617626005149	-0.00644570980856	1.0802025204e-08	5.38126479648e-10	-0.000113901308544	-2.0774158944e-08	3.8296271776e-11	0.0006324854752	5.3031999131e-10	-1.2963649856e-10	-1.04155216592e-05	1.87817699784e-08	1.43155279171e-09	-1.06713385804e-09	1.88580587036e-09	5.7030119992e-05	-4.7807211268e-08	-1.31543804228e-09	
0.0468287941936	1.9488018078	-2.04141516011	1.04238117674	0.0895197594392	0.0175324520798	-0.00331067911874	1.64458989152e-06	-3.81090235895e-08	0.0072218526389	1.97248445408e-06	1.62768701472e-07	0.058028885576	-2.19369304963e-05	5.61780375988e-08	-0.00901264998074	-1.20670471094e-08	2.99276638143e-08	0.00260879809754	-2.49698885743e-06	-2.81957402621e-07	-1.35682729289e-08	4.88864168034e-08	-0.0242545482279	-3.67088754358e-06	1.95303039491e-07	9.08313633875e-10	-1.38624556418e-08	2.59308571845e-08	0.00013877784136	3.27960260314e-06	1.20027293244e-07	1.5177129345e-09	1.91423212707e-09	1.41470652844e-09	-3.84922205376e-08	-0.00719918984356	-1.9110985968e-05	-1.4010630188e-07	1.80878880378e-08	-0.0183912503684	0.177449792355	-0.268954786036	0.413803056362	0.604827221888	-7.37193620022e-06	-4.67882203904e-08	0.0143540650992	2.6518214083e-05	-1.51008452849e-08	-0.106953608815	-3.58918121907e-08	-1.14868212751e-08	-0.00121032182238	1.17821109976e-07	-5.78030380564e-08	7.50543149843e-08	-7.26558543036e-08	0.0167001649839	-4.08820443978e-06	3.9880757196e-08	
-7.37436744e-05	-2.04141516011	3.18918208914	-1.38353090314	-0.165678716199	-0.0504172498813	0.0105717530815	1.71887646256e-06	7.34282424772e-08	-0.0242876350891	-8.62882865168e-06	-2.82038058032e-07	-0.117861444053	3.86585533891e-05	-1.07457487042e-07	0.0121988722218	-2.7517192552e-09	-1.08223830577e-08	-0.00818896188823	4.97050904504e-06	2.05440981439e-07	3.70523267074e-08	-1.05047449083e-07	0.0445686269731	3.73896532673e-06	-2.0756360108e-07	-1.6346933284e-09	1.86301330948e-08	-3.38484213481e-08	-0.00134389069817	-6.52574245437e-06	-1.82599162868e-07	6.45498089249e-09	-3.43726015376e-09	9.6379436766e-10	6.16450963846e-08	0.0144197506243	3.18105633232e-05	2.65383239915e-07	-3.73104074452e-08	0.0359860076032	-0.332504258473	0.497952395185	-0.779276664411	-1.08363080591	1.175418248e-05	8.46748621389e-08	-0.0248790931406	-4.18940433859e-05	2.44244083979e-08	0.180738545054	6.7476136002e-08	1.51730610525e-08	0.00166831353531	2.18758896508e-07	1.21057387007e-07	-1.40203722565e-07	1.54017418412e-07	-0.0248791847947	5.36434574335e-06	-9.05536326388e-08	
0.0114545053972	1.04238117674	-1.38353090314	0.638482482034	0.0678381191073	0.0182730051321	-0.00374230782198	-7.548073571e-08	-2.96832997458e-08	0.00850381797255	2.87635053541e-06	1.18015972844e-07	0.0468784947	-1.60850739234e-05	4.35391972446e-08	-0.00558611005148	-2.18269585613e-09	1.03108499817e-08	0.00290964221883	-1.98913369704e-06	-1.25860126372e-07	-1.35959534081e-08	4.10899738688e-08	-0.0182911659119	-1.93397389191e-06	1.05291087662e-07	6.75452052038e-10	-8.55512209143e-09	1.57253156683e-08	0.00040685125762	2.61184170848e-06	7.99829330305e-08	-1.42085798675e-09	1.42132544811e-09	7.794523363e-11	-2.65067194472e-08	-0.00575967749477	-1.34945679835e-05	-1.07860399853e-07	1.47711180671e-08	-0.0144776320298	0.135606355188	-0.203865210608	0.31730751224	0.448415854531	-5.06208859644e-06	-3.49237155348e-08	0.0104094136104	1.81016082255e-05	-1.04655651691e-08	-0.0762744004175	-2.74900583827e-08	-7.01563916924e-09	-0.000758522966381	-3.1943547798e-08	-4.77103115238e-08	5.72361317164e-08	-6.04841843197e-08	0.010982278883	-2.48695622656e-06	3.48686610445e-08	
-0.00120069784518	0.0895197594392	-0.165678716199	0.0678381191073	0.00903271612065	0.00299871018904	-0.000638199148198	-1.59970288816e-07	-4.04358584641e-09	0.00147609466987	5.39697403219e-07	1.51093669861e-08	0.00657132702464	-2.08063728047e-06	5.90702281292e-09	-0.000602731644518	4.99006040286e-10	-2.99819399994e-11	0.000493212849465	-2.75847740918e-07	-6.798842767e-09	-2.18619613633e-09	5.92984409407e-09	-0.00242539938559	-1.6134574616e-07	9.17526705876e-09	8.84775334377e-11	-9.17960860826e-10	1.6486367972e-09	8.83913856029e-05	3.62124214011e-07	9.40510414637e-09	-4.80802802187e-10	1.85929800875e-10	-1.0237977315e-10	-3.22737946247e-09	-0.000801402801119	-1.68478038437e-06	-1.4553160433e-08	2.08748631372e-09	-0.00198904452746	0.0181848435736	-0.027150665104	0.0426726002642	0.0585815736021	-6.14545776096e-07	-4.58973902616e-09	0.00133292944059	2.18408858232e-06	-1.28258658424e-09	-0.00961439927837	-3.69336210751e-09	-7.42555450097e-10	-8.30021349403e-05	-1.80036762152e-08	-6.79584570548e-09	7.66187602703e-09	-8.66892509223e-09	0.00127252851055	-2.61828128692e-07	5.16988569503e-09	
-0.0010727791644	0.0175324520798	-0.0504172498813	0.0182730051321	0.00299871018904	0.00113541645253	-0.000246473389603	-9.0185856712e-08	-1.36496419907e-09	0.000575068352611	2.17927800248e-07	4.8665301392e-09	0.00226303961925	-6.75623588757e-07	1.98817187409e-09	-0.000165208475271	3.60955047208e-10	-3.56916259953e-10	0.000189902754031	-9.42955064073e-08	2.0611112234e-10	-8.18743782079e-10	2.08204795542e-09	-0.00080269682736	-2.9780449913e-08	1.84792331696e-09	2.90120638208e-11	-2.5004938326e-10	4.37210966243e-10	3.78074763864e-05	1.23769404938e-07	2.81449424908e-09	-2.31740852537e-10	6.09041800959e-11	-6.1875892806e-11	-9.96740376512e-10	-0.00027458381898	-5.3161007656e-07	-4.87875128247e-09	7.22861270774e-10	-0.000675498310428	0.00606889723371	-0.00901499977298	0.0142711485458	0.0191697482341	-1.89309056289e-07	-1.50878060166e-09	0.000429378728592	6.69146717522e-07	-3.98365749303e-10	-0.00305786591785	-1.23430382587e-09	-1.99133085572e-10	-2.31045242167e-05	-9.3776759596e-09	-2.3657116788e-09	2.55371131129e-09	-3.03013751074e-09	0.000375523112569	-6.9780039679e-08	1.84667522524e-09	
0.000251584653348	-0.00331067911874	0.0105717530815	-0.00374230782198	-0.000638199148198	-0.000246473389603	5.3649979117e-05	2.04736363489e-08	2.91276671372e-10	-0.000125323717475	-4.77182107703e-08	-1.03055574692e-09	-0.000484442546459	1.43267613621e-07	-4.24068583543e-10	3.39561449892e-05	-8.35612313809e-11	8.79369988545e-11	-4.13191094617e-05	2.01622423038e-08	-1.28890657532e-10	1.77457685127e-10	-4.47026613757e-10	0.00017074746664	5.5170478013e-09	-3.51927055088e-10	-6.16201870197e-12	5.13285751293e-11	-8.92484936147e-11	-8.33848557276e-06	-2.64637151901e-08	-5.88367369387e-10	5.18096625473e-11	-1.29335518867e-11	1.41313303551e-11	2.09552485957e-10	5.87326693169e-05	1.12183225609e-07	1.03995234485e-09	-1.54873016031e-10	0.000144286224289	-0.00129270918194	0.00191866279189	-0.00304086001986	-0.00407018492724	3.9781861098e-08	3.20590001654e-10	-9.09290626608e-05	-1.40480118754e-07	8.38351322067e-11	0.000646165140565	2.62972154381e-10	4.07448483092e-11	4.76357760319e-06	2.11318697842e-09	5.07264866536e-10	-5.43840991258e-10	6.50141285983e-10	-7.83004358731e-05	1.42591807792e-08	-3.97517586991e-10	
1.99948938508e-07	1.64458989152e-06	1.71887646256e-06	-7.548073571e-08	-1.59970288816e-07	-9.0185856712e-08	2.04736363489e-08	1.26605190485e-11	7.75921173406e-14	-4.86784382272e-08	-1.98305102947e-11	-2.2795727268e-13	-1.37971843706e-07	3.28426516514e-11	-1.11807108238e-13	1.4274778735e-09	-6.05989031013e-14	9.24915748116e-14	-1.5669570244e-08	5.60586321866e-12	-5.32452990574e-13	6.33571776718e-14	-1.35084567581e-13	4.22927558324e-08	-3.4462728898e-12	1.55058026464e-13	-1.47126665137e-15	1.7597113413e-15	-1.37843646e-17	-3.80849739428e-09	-7.35422771534e-12	-8.4973333131e-14	2.76307118514e-14	-3.07512900237e-15	9.2045928769e-15	3.73595838384e-14	1.64541594526e-08	2.2493574717e-11	2.70286754958e-13	-4.48813905288e-14	3.92466087496e-08	-3.30492871263e-07	4.81221157127e-07	-7.83449335259e-07	-9.63709934386e-07	6.9849056577e-12	7.73260912888e-14	-2.01258838464e-08	-2.38554089684e-11	1.54441708546e-14	1.3476835607e-07	6.75751076265e-14	5.921594808e-16	2.903177843e-10	1.2201991591e-12	1.49405285859e-13	-1.38368739526e-13	1.93867253325e-13	-1.00967381748e-08	9.34739619e-14	-1.26110371023e-13	
6.46230718496e-10	-3.81090235895e-08	7.34282424772e-08	-2.96832997458e-08	-4.04358584641e-09	-1.36496419907e-09	2.91276671372e-10	7.75921173406e-14	1.81379031688e-15	-6.74501716937e-10	-2.47851530098e-13	-6.73974465672e-15	-2.95485931634e-09	9.28980759443e-13	-2.64871483513e-15	2.64192248753e-10	-2.54880973731e-16	6.93780922276e-17	-2.25011326832e-10	1.23924459799e-13	2.64631571497e-15	9.93665250698e-16	-2.67284899973e-15	1.08535193621e-09	6.83923372633e-14	-3.91417493368e-15	-3.95496350156e-17	4.02112925287e-16	-7.20270994409e-16	-4.09341615621e-11	-1.6268109643e-13	-4.16064181201e-15	2.26867719877e-16	-8.31008674835e-17	5.03288882636e-17	1.43272224316e-15	3.60131913493e-10	7.49740090542e-13	6.52250379206e-15	-9.39298348136e-16	8.9286206856e-10	-8.14576144414e-09	1.21544985383e-08	-1.91196800397e-08	-2.61797371351e-08	2.72735246201e-13	2.05223388757e-15	-5.94581437358e-10	-9.68708374371e-13	5.69738723407e-16	4.28237883314e-09	1.65468808925e-15	3.24770719309e-16	3.64389361731e-11	8.60798274608e-15	3.05990492212e-15	-3.43154394519e-15	3.90527715907e-15	-5.62090697361e-10	1.14445328861e-13	-2.33537489528e-15	
-0.000605980211592	0.0072218526389	-0.0242876350891	0.00850381797255	0.00147609466987	0.000575068352611	-0.000125323717475	-4.86784382272e-08	-6.74501716937e-10	0.000292900162559	1.1175256809e-07	2.37823593104e-09	0.00112338105894	-3.30824527824e-07	9.81800504671e-10	-7.72907858121e-05	2.00247266416e-10	-2.15787271702e-10	9.65020917001e-05	-4.67305129461e-08	3.8612453423e-10	-4.13764607556e-10	1.03798383203e-09	-0.000394833697412	-1.19106052031e-08	7.7116474184e-10	1.42392717697e-11	-1.16763760993e-10	2.0248910618e-10	1.95885241294e-05	6.1334939895e-08	1.34983898945e-09	-1.22407872182e-10	2.98847413233e-11	-3.36808829202e-11	-4.82006284333e-10	-0.000136147984658	-2.58479205664e-07	-2.40700378607e-09	3.59273329779e-10	-0.000334262477773	0.0029910523503	-0.00443773803281	0.0070369595894	0.00940400962467	-9.14861132367e-08	-7.40960887898e-10	0.000209841180773	3.22918748464e-07	-1.92922635906e-10	-0.00148973300321	-6.08521791924e-10	-9.25459786844e-11	-1.08586771186e-05	-5.00911471396e-09	-1.17717224932e-09	1.25821389294e-09	-1.50915393381e-09	0.000179424526827	-3.23676301105e-08	9.24078694876e-10	
-2.5851602306e-07	1.97248445408e-06	-8.62882865168e-06	2.87635053541e-06	5.39697403219e-07	2.17927800248e-07	-4.77182107703e-08	-1.98305102947e-11	-2.47851530098e-13	1.1175256809e-07	4.29840307493e-11	8.6134672572e-13	4.15202147053e-07	-1.2012936203e-10	3.60458644811e-13	-2.63470612601e-08	8.39204229843e-14	-9.79159710122e-14	3.67177915736e-08	-1.72348772388e-11	2.76197471714e-13	-1.56378536659e-13	3.85731194404e-13	-1.44224381095e-07	-3.0511215058e-12	2.16282978016e-13	5.18644877831e-15	-3.96934989555e-14	6.79995238098e-14	7.62595702204e-09	2.2620205376e-11	4.76660807613e-13	-4.87087793982e-14	1.08815898285e-14	-1.38432296471e-14	-1.72139223163e-13	-5.02467883629e-08	-9.2987660091e-11	-8.82656506333e-13	1.32995650706e-13	-1.23046264921e-07	1.09534909413e-06	-1.6226274722e-06	2.57862123966e-06	3.42308508544e-06	-3.26433111639e-11	-2.7009526969e-13	7.60034229312e-08	1.15001215169e-10	-6.90337246958e-14	-5.3734129201e-07	-2.22938713654e-13	-3.12398575752e-14	-3.72623651602e-09	-2.01787052426e-12	-4.36411811306e-13	4.60588168565e-13	-5.60127512619e-13	6.30293933484e-08	-1.08947574309e-11	3.45012112089e-13	
-1.287871576e-09	1.62768701472e-07	-2.82038058032e-07	1.18015972844e-07	1.51093669861e-08	4.8665301392e-09	-1.03055574692e-09	-2.2795727268e-13	-6.73974465672e-15	2.37823593104e-09	8.6134672572e-13	2.5433831888e-14	1.09050299187e-08	-3.49651447448e-12	9.85189333888e-15	-1.04550232444e-09	6.2596778212e-16	3.20697775352e-16	7.9705017584e-10	-4.58515127672e-13	-1.40054770824e-14	-3.55756974056e-15	9.79782618008e-15	-4.05972442734e-09	-2.9531018632e-13	1.66284137344e-14	1.48385572844e-16	-1.5939719274e-15	2.87542664552e-15	1.38809961296e-10	6.01944251448e-13	1.60613107612e-14	-7.2716937368e-16	3.11889776295e-16	-1.4144706484e-16	-5.47839800768e-15	-1.33141797646e-09	-2.8478124484e-12	-2.42930178502e-14	3.45991161536e-15	-3.31093703392e-09	3.03844518825e-08	-4.54144144153e-08	7.12683177154e-08	9.82891355112e-08	-1.04369657796e-12	-7.69339462496e-15	2.24367717888e-09	3.71319271408e-12	-2.17475126392e-15	-1.6225545924e-08	-6.16929491569e-15	-1.29274565408e-15	-1.43598030888e-10	-2.6480546744e-14	-1.12505181894e-14	1.2805518577e-14	-1.43381617636e-14	2.17877300416e-09	-4.5629254156e-13	8.5085293036e-15	
-0.0012661197193	0.058028885576	-0.117861444053	0.0468784947	0.00657132702464	0.00226303961925	-0.000484442546459	-1.37971843706e-07	-2.95485931634e-09	0.00112338105894	4.15202147053e-07	1.09050299187e-08	0.00482810386486	-1.50486836291e-06	4.31318105306e-09	-0.000418171432661	4.76759497696e-10	-2.23869342474e-10	0.000374050861365	-2.02263281605e-07	-3.51169993552e-09	-1.64460217202e-09	4.38004119218e-09	-0.0017630320156	-1.03528849381e-07	5.97730053248e-09	6.41574328415e-11	-6.35965092442e-10	1.13526501904e-09	6.92335159181e-05	2.65513930565e-07	6.66296507546e-09	-3.91786653694e-10	1.34786118883e-10	-9.07221728736e-11	-2.30442818724e-09	-0.000587991278059	-1.20954611219e-06	-1.06150387424e-08	1.53603626262e-09	-0.00145586939833	0.0132480651739	-0.019753022568	0.0311053320972	0.0424561629628	-4.38517400914e-07	-3.33035039073e-09	0.000962062756838	1.55635696553e-06	-9.1711043149e-10	-0.00691649408152	-2.69168922292e-09	-5.12617324179e-10	-5.77923272834e-05	-1.50781931181e-08	-5.00782692821e-09	5.57991701557e-09	-6.39530317187e-09	0.000898435071909	-1.80497600968e-07	3.83702321613e-09	
2.03742856304e-07	-2.19369304963e-05	3.86585533891e-05	-1.60850739234e-05	-2.08063728047e-06	-6.75623588757e-07	1.43267613621e-07	3.28426516514e-11	9.28980759443e-13	-3.30824527824e-07	-1.2012936203e-10	-3.49651447448e-12	-1.50486836291e-06	4.80896228364e-10	-1.35771882676e-12	1.42605012908e-07	-9.3845484637e-14	-3.05767580304e-14	-1.10782333389e-07	6.32463306131e-11	1.83218142089e-12	4.93535472531e-13	-1.35365248159e-12	5.58947170705e-07	3.97345027797e-11	-2.24290698648e-12	-2.04193196677e-14	2.17356452213e-13	-3.91649791584e-13	-1.94462039843e-08	-8.30298148983e-11	-2.19967156107e-12	1.0295882791e-13	-4.29166600209e-14	2.05698932024e-14	7.51478862954e-13	1.83677123348e-07	3.91073464018e-10	3.34712686946e-12	-4.77616342938e-13	4.56526923268e-07	-4.18534120572e-06	6.25385381435e-06	-9.81810664038e-06	-1.3524019207e-05	1.43146420258e-10	1.05883508049e-12	-3.08451698434e-07	-5.09135629651e-10	2.98400345046e-13	2.22909603721e-06	8.49863403434e-13	1.76162475583e-13	1.95999187266e-08	3.77966017752e-12	1.55354549007e-12	-1.76378088452e-12	1.98039759627e-12	-2.98190518858e-07	6.21626246485e-11	-1.17677220596e-12	
-9.15994240224e-10	5.61780375988e-08	-1.07457487042e-07	4.35391972446e-08	5.90702281292e-09	1.98817187409e-09	-4.24068583543e-10	-1.11807108238e-13	-2.64871483513e-15	9.81800504671e-10	3.60458644811e-13	9.85189333888e-15	4.31318105306e-09	-1.35771882676e-12	3.86821365226e-15	-3.87393289861e-10	3.64215942632e-16	-8.69172004216e-17	3.27616654797e-10	-1.80920436206e-13	-3.96830244404e-15	-1.44771661651e-15	3.89987985712e-15	-1.5856268604e-09	-1.00899457433e-13	5.76781343008e-15	5.779061602e-17	-5.8969707047e-16	1.05677935073e-15	5.94461239459e-11	2.37503002645e-13	6.09082819894e-15	-3.28416784736e-16	1.21431051816e-16	-7.23622758744e-17	-2.09608190172e-15	-5.25739396625e-10	-1.09640124661e-12	-9.52635019975e-15	1.37092074348e-15	-1.30369561211e-09	1.18983115047e-08	-1.77556905128e-08	2.79264006621e-08	3.82559268908e-08	-3.99033839492e-13	-2.99860201215e-15	8.69133246202e-10	1.41745249405e-12	-8.334369224e-16	-6.26143280198e-09	-2.41689097255e-15	-4.76408353317e-16	-5.341651696e-11	-1.24334015691e-14	-4.46546525455e-15	5.01250888894e-15	-5.69864506321e-15	8.23075703721e-10	-1.67899148546e-13	3.40618108227e-15	
-8.8010505716e-05	-0.00901264998074	0.0121988722218	-0.00558611005148	-0.000602731644518	-0.000165208475271	3.39561449892e-05	1.4274778735e-09	2.64192248753e-10	-7.72907858121e-05	-2.63470612601e-08	-1.04550232444e-09	-0.000418171432661	1.42605012908e-07	-3.87393289861e-10	4.8919622017e-05	1.54066092481e-11	-8.45281875089e-11	-2.63858061285e-05	1.77286520711e-08	1.06796960049e-09	1.226955967e-10	-3.67393850345e-10	0.000162463371738	1.66976013141e-08	-9.11039929968e-10	-5.99392291229e-12	7.48944955899e-11	-1.3746956596e-10	-3.78755995604e-06	-2.32782942641e-08	-7.04352850733e-10	1.40962717777e-11	-1.26114999154e-11	-1.232929523e-13	2.33983597691e-10	5.13480271179e-05	1.19331649031e-07	9.59290112163e-10	-1.31848511103e-10	0.000128941244043	-0.00120549218891	0.00181134149459	-0.00282136456739	-0.0039784267846	4.46756513406e-08	3.09987174218e-10	-9.22180595952e-05	-1.59688385896e-07	9.24250670203e-11	0.000674952505885	2.44411855759e-10	6.13657384564e-11	6.64851489295e-06	3.532298007e-10	4.26136305076e-10	-5.08740656371e-10	5.40499718885e-10	-9.66178868039e-05	2.17463258222e-08	-3.12463791689e-10	
-1.00746978196e-09	-1.20670471094e-08	-2.7517192552e-09	-2.18269585613e-09	4.99006040286e-10	3.60955047208e-10	-8.35612313809e-11	-6.05989031013e-14	-2.54880973731e-16	2.00247266416e-10	8.39204229843e-14	6.2596778212e-16	4.76759497696e-10	-9.3845484637e-14	3.64215942632e-16	1.54066092481e-11	3.00196864114e-16	-4.86016377788e-16	6.37726510024e-11	-1.90342986529e-14	3.06304809512e-15	-2.50551708667e-16	4.85951216263e-16	-1.30506359991e-10	2.42885185282e-14	-1.16568245757e-15	4.38393319345e-18	2.56466190891e-17	-6.2634099629e-17	1.66974959434e-11	2.49614354763e-14	8.9830170875e-17	-1.27244475589e-16	9.12489476947e-18	-4.45868875601e-17	-7.401944716e-17	-5.61829584609e-11	-5.4393099725e-14	-8.70074413761e-16	1.56993488596e-16	-1.3105915298e-10	1.04904955727e-09	-1.50192197347e-09	2.50338529909e-09	2.84771941269e-09	-1.34152248177e-14	-2.32706602252e-16	5.5305200736e-11	4.2574504034e-14	-3.2561249645e-17	-3.4414186935e-10	-2.15441920576e-16	2.51245304648e-17	1.62791140482e-12	-5.74205829094e-15	-5.28440209136e-16	4.37370401855e-16	-6.91379651741e-16	4.778675522e-12	9.4664291917e-15	4.67589158015e-16	
1.67603291431e-09	2.99276638143e-08	-1.08223830577e-08	1.03108499817e-08	-2.99819399994e-11	-3.56916259953e-10	8.79369988545e-11	9.24915748116e-14	6.93780922276e-17	-2.15787271702e-10	-9.79159710122e-14	3.20697775352e-16	-2.23869342474e-10	-3.05767580304e-14	-8.69172004216e-17	-8.45281875089e-11	-4.86016377788e-16	8.60624683327e-16	-6.65290620708e-11	7.65840002448e-15	-6.0866090917e-15	2.3782106989e-16	-3.01030759237e-16	1.862340604e-12	-5.84517982393e-14	2.94105978341e-15	6.0164170708e-19	-1.32613702016e-16	2.67615792358e-16	-2.12830855453e-11	-1.00071736721e-14	7.32282484393e-16	1.80471393714e-16	1.42004384862e-18	6.95055131015e-17	-1.74544590171e-16	2.38196886324e-11	-6.3130047511e-14	1.65732187228e-16	-8.0963946694e-17	4.42235496432e-11	-1.3931457159e-10	9.3678005728e-11	-4.0097078688e-10	4.95909710102e-10	-3.44429787496e-14	-2.18085763816e-17	2.81439071328e-11	1.31476143594e-13	-6.37773683508e-17	-3.0031374202e-10	3.2521140596e-17	-1.15052623882e-16	-1.07631959916e-11	8.49420142416e-15	2.94395592609e-16	-5.04740765062e-17	4.06255256683e-16	1.12182729317e-10	-4.16471804868e-14	-3.40474417067e-16	
-0.000191650260744	0.00260879809754	-0.00818896188823	0.00290964221883	0.000493212849465	0.000189902754031	-4.13191094617e-05	-1.5669570244e-08	-2.25011326832e-10	9.65020917001e-05	3.67177915736e-08	7.9705017584e-10	0.000374050861365	-1.10782333389e-07	3.27616654797e-10	-2.63858061285e-05	6.37726510024e-11	-6.65290620708e-11	3.18243556525e-05	-1.5570569286e-08	8.9454457502e-11	-1.36759539827e-10	3.45003294636e-10	-0.000131967285432	-4.3617327851e-09	2.76915450128e-10	4.76361742434e-12	-3.98932294884e-11	6.94269221993e-11	6.40925617224e-06	2.04370432712e-08	4.55970974548e-10	-3.97421959787e-11	9.9986894442e-12	-1.08060015522e-11	-1.62254218707e-10	-4.53545897136e-05	-8.6811633736e-08	-8.0350043052e-10	1.19565849475e-10	-0.000111444696047	0.00099889983273	-0.00148277441477	0.00234960534862	0.00314666645989	-3.08048467731e-08	-2.4781983015e-10	7.03259028912e-05	1.08796390002e-07	-6.49025267493e-11	-0.000499921357435	-2.03196371555e-10	-3.16837592204e-11	-3.69973514725e-06	-1.6190925706e-09	-3.91572407844e-10	4.20249384833e-10	-5.0181451327e-10	6.07056093259e-05	-1.10904465037e-08	3.06671988484e-10	
4.97694044336e-08	-2.49698885743e-06	4.97050904504e-06	-1.98913369704e-06	-2.75847740918e-07	-9.42955064073e-08	2.01622423038e-08	5.60586321866e-12	1.23924459799e-13	-4.67305129461e-08	-1.72348772388e-11	-4.58515127672e-13	-2.02263281605e-07	6.32463306131e-11	-1.80920436206e-13	1.77286520711e-08	-1.90342986529e-14	7.65840002448e-15	-1.5570569286e-08	8.47687583784e-12	1.59758594093e-13	6.85702955514e-14	-1.83294498504e-13	7.40201450443e-08	4.46509002633e-12	-2.56917262584e-13	-2.6949766698e-15	2.69703733621e-14	-4.82074581001e-14	-2.86382951997e-09	-1.11278106265e-11	-2.81237464643e-13	1.60847191605e-14	-5.6620984965e-15	3.66850831736e-15	9.71084790646e-14	2.46396290636e-08	5.09125799482e-11	4.45355251927e-13	-6.43293092272e-14	6.10376962032e-08	-5.55960813039e-07	8.29174896001e-07	-1.30519932972e-06	-1.78359785224e-06	1.84815845219e-11	1.39874574903e-13	-4.04507874926e-08	-6.56122979939e-11	3.86354776279e-14	2.91008393755e-07	1.12949379192e-13	2.17558785069e-14	2.44828475827e-09	6.15899021688e-13	2.09666579379e-13	-2.34180239237e-13	2.67695836889e-13	-3.79492900237e-08	7.66275706345e-12	-1.60415161794e-13	
-1.09667094207e-08	-2.81957402621e-07	2.05440981439e-07	-1.25860126372e-07	-6.798842767e-09	2.0611112234e-10	-1.28890657532e-10	-5.32452990574e-13	2.64631571497e-15	3.8612453423e-10	2.76197471714e-13	-1.40054770824e-14	-3.51169993552e-09	1.83218142089e-12	-3.96830244404e-15	1.06796960049e-09	3.06304809512e-15	-6.0866090917e-15	8.9454457502e-11	1.59758594093e-13	4.84886558746e-14	8.66979139e-18	-2.46594878016e-15	1.86950811603e-09	5.40215759786e-13	-2.80019875606e-14	-7.29524391265e-17	1.65404428622e-15	-3.17966364927e-15	8.2481947252e-11	-2.10056393216e-13	-1.24994990535e-14	-9.0800522907e-16	-1.54410424533e-16	-4.13971662098e-16	3.7444254936e-15	4.52988810398e-10	1.7560027965e-12	1.01203782538e-14	-1.04563062522e-15	1.2300478822e-09	-1.31270402661e-08	2.04107985866e-08	-3.0278204185e-08	-4.89949074898e-08	7.21567556904e-13	3.71763691384e-15	-1.23449744112e-09	-2.62880692058e-12	1.44839322175e-15	9.5952647945e-09	2.63611331679e-15	1.3932124961e-15	1.40842642869e-10	-4.63279247612e-14	3.18529269092e-15	-5.58923963317e-15	3.84514900782e-15	-1.78423257399e-09	4.98913761216e-13	-1.5960022683e-15	
7.38605412528e-10	-1.35682729289e-08	3.70523267074e-08	-1.35959534081e-08	-2.18619613633e-09	-8.18743782079e-10	1.77457685127e-10	6.33571776718e-14	9.93665250698e-16	-4.13764607556e-10	-1.56378536659e-13	-3.55756974056e-15	-1.64460217202e-09	4.93535472531e-13	-1.44771661651e-15	1.226955967e-10	-2.50551708667e-16	2.3782106989e-16	-1.36759539827e-10	6.85702955514e-14	8.66979139e-18	5.90903175869e-16	-1.51058821793e-15	5.85363490903e-10	2.32458966959e-14	-1.42452604232e-15	-2.1174406631e-17	1.85826674654e-16	-3.25851245105e-16	-2.70173096966e-11	-9.0004453661e-14	-2.0717572956e-15	1.64296061633e-16	-4.44549166678e-17	4.33109503728e-17	7.31488658787e-16	1.99633613283e-10	3.89355782686e-13	3.55377668953e-15	-5.25072679291e-16	4.91490251207e-10	-4.42244810369e-09	6.57225235812e-09	-1.03975698514e-08	-1.39935785668e-08	1.38964037619e-13	1.1009333923e-15	-3.13883909227e-10	-4.91447434926e-13	2.92196716899e-16	2.23796643954e-09	8.99336509704e-16	1.48234367952e-16	1.71314281303e-11	6.61732487224e-15	1.71763937562e-15	-1.8611202199e-15	2.19928767512e-15	-2.76801823898e-10	5.19789110935e-14	-1.33789901397e-15	
-1.33491499506e-09	4.88864168034e-08	-1.05047449083e-07	4.10899738688e-08	5.92984409407e-09	2.08204795542e-09	-4.47026613757e-10	-1.35084567581e-13	-2.67284899973e-15	1.03798383203e-09	3.85731194404e-13	9.79782618008e-15	4.38004119218e-09	-1.35365248159e-12	3.89987985712e-15	-3.67393850345e-10	4.85951216263e-16	-3.01030759237e-16	3.45003294636e-10	-1.83294498504e-13	-2.46594878016e-15	-1.51058821793e-15	3.98484119144e-15	-1.59021548055e-09	-8.66352190762e-14	5.0518920952e-15	5.77914629927e-17	-5.58273533849e-16	9.93019659373e-16	6.48901969479e-11	2.40608022797e-13	5.92468539579e-15	-3.74123110791e-16	1.21394096366e-16	-8.98244718754e-17	-2.05815705316e-15	-5.33027169882e-10	-1.08356462556e-12	-9.59232635686e-15	1.39460948767e-15	-1.31807850237e-09	1.19638940165e-08	-1.78251719866e-08	2.80987163632e-08	3.82322219803e-08	-3.91512152984e-13	-3.00098434275e-15	8.64400233802e-10	1.38846547888e-12	-8.19755195685e-16	-6.20308926873e-09	-2.43126203263e-15	-4.49054421169e-16	-5.08805746073e-11	-1.45767809625e-14	-4.55024922493e-15	5.03809548019e-15	-5.81443775922e-15	7.97337038246e-10	-1.57985622874e-13	3.49966058372e-15	
0.000310378675989	-0.0242545482279	0.0445686269731	-0.0182911659119	-0.00242539938559	-0.00080269682736	0.00017074746664	4.22927558324e-08	1.08535193621e-09	-0.000394833697412	-1.44224381095e-07	-4.05972442734e-09	-0.0017630320156	5.58947170705e-07	-1.5856268604e-09	0.000162463371738	-1.30506359991e-10	1.862340604e-12	-0.000131967285432	7.40201450443e-08	1.86950811603e-09	5.85363490903e-10	-1.59021548055e-09	0.000651295143191	4.37475776288e-08	-2.48504483092e-09	-2.37637836501e-11	2.47459749377e-10	-4.44643814851e-10	-2.35832727641e-05	-9.71716464337e-08	-2.53088078622e-09	1.27815353423e-10	-4.99391707324e-11	2.69928907617e-11	8.67924730743e-10	0.000215034701981	4.52879197289e-07	3.9068645976e-09	-5.59984277481e-10	0.000533813260497	-0.00488229446068	0.00729027398597	-0.0114562720794	-0.0157348635224	1.65275726805e-07	1.23266980101e-09	-0.000358142744971	-5.87453218653e-07	3.44880091526e-10	0.00258397782655	9.9156908467e-10	2.00230689624e-10	2.23665122618e-05	4.77356288698e-09	1.82281633462e-09	-2.05713126753e-09	2.32500232548e-09	-0.000342527222206	7.06099312265e-08	-1.38585517974e-09	
-9.316832976e-08	-3.67088754358e-06	3.73896532673e-06	-1.93397389191e-06	-1.6134574616e-07	-2.9780449913e-08	5.5170478013e-09	-3.4462728898e-12	6.83923372633e-14	-1.19106052031e-08	-3.0511215058e-12	-2.9531018632e-13	-1.03528849381e-07	3.97345027797e-11	-1.00899457433e-13	1.66976013141e-08	2.42885185282e-14	-5.84517982393e-14	-4.3617327851e-09	4.46509002633e-12	5.40215759786e-13	2.32458966959e-14	-8.66352190762e-14	4.37475776288e-08	6.9254872273e-12	-3.67583680816e-13	-1.64179130328e-15	2.5696236621e-14	-4.81682267203e-14	-1.4007688944e-10	-5.86481905922e-12	-2.20333970918e-13	-3.6732916823e-15	-3.46079317755e-15	-2.9124293124e-15	7.03476749152e-14	1.28645043418e-08	3.4804955726e-11	2.51904624815e-13	-3.22125001054e-14	3.29501814588e-08	-3.19412294175e-07	4.84731427042e-07	-7.44457385105e-07	-1.09372859067e-06	1.34780729619e-11	8.45228657744e-14	-2.60417738832e-08	-4.85223857362e-11	2.75736818463e-14	1.94509471985e-07	6.45832973291e-14	2.13193917412e-14	2.23929690407e-09	-2.5657644784e-13	1.02755931392e-13	-1.35142686449e-13	1.28971989104e-13	-3.07098267749e-08	7.5912794309e-12	-7.0183859054e-14	
4.55416922112e-09	1.95303039491e-07	-2.0756360108e-07	1.05291087662e-07	9.17526705876e-09	1.84792331696e-09	-3.51927055088e-10	1.55058026464e-13	-3.91417493368e-15	7.7116474184e-10	2.16282978016e-13	1.66284137344e-14	5.97730053248e-09	-2.24290698648e-12	5.76781343008e-15	-9.11039929968e-10	-1.16568245757e-15	2.94105978341e-15	2.76915450128e-10	-2.56917262584e-13	-2.80019875606e-14	-1.42452604232e-15	5.0518920952e-15	-2.48504483092e-09	-3.67583680816e-13	1.95811281126e-14	9.2965524956e-17	-1.40090316413e-15	2.61766654888e-15	1.7305977216e-11	3.3743356184e-13	1.21900069136e-14	1.2929164808e-16	1.95898791468e-16	1.34843393088e-16	-3.91803169024e-15	-7.40983071296e-10	-1.9486766672e-12	-1.43773428316e-14	1.8647768104e-15	-1.89052290336e-09	1.81991894916e-08	-2.7566860894e-08	4.24505425512e-08	6.18899869984e-08	-7.50224622864e-13	-4.79008767872e-15	1.46642798976e-09	2.69759648752e-12	-1.53776099016e-15	-1.0913354924e-08	-3.68168213156e-15	-1.16007821382e-15	-1.2243023901e-10	1.08375173632e-14	-5.96439878944e-15	7.69631824132e-15	-7.50224020352e-15	1.69457944472e-09	-4.12774837616e-13	4.1350252496e-15	
-1.00214526792e-11	9.08313633875e-10	-1.6346933284e-09	6.75452052038e-10	8.84775334377e-11	2.90120638208e-11	-6.16201870197e-12	-1.47126665137e-15	-3.95496350156e-17	1.42392717697e-11	5.18644877831e-15	1.48385572844e-16	6.41574328415e-11	-2.04193196677e-14	5.779061602e-17	-5.99392291229e-12	4.38393319345e-18	6.0164170708e-19	4.76361742434e-12	-2.6949766698e-15	-7.29524391265e-17	-2.1174406631e-17	5.77914629927e-17	-2.37637836501e-11	-1.64179130328e-15	9.2965524956e-17	8.6758932996e-19	-9.13278419907e-18	1.64329076377e-17	8.43975527616e-13	3.53792878621e-15	9.29195335537e-17	-4.52346554701e-18	1.82334476464e-18	-9.3087094272e-19	-3.18056729077e-17	-7.82790965078e-12	-1.65743128009e-14	-1.42429381347e-16	2.03703801679e-17	-1.94440062934e-11	1.78042581396e-10	-2.65943312153e-10	4.1771812578e-10	5.74538269788e-10	-6.05757537559e-15	-4.49960911766e-17	1.30902358577e-11	2.15379856415e-14	-1.26340164848e-17	-9.45209143352e-11	-3.61562507068e-17	-7.39577088434e-18	-8.24510083259e-13	-1.67574651316e-16	-6.62840422897e-17	7.50237842648e-17	-8.45213717794e-17	1.25858233024e-11	-2.60890224573e-15	5.03038324381e-17	
-1.41573681108e-10	-1.38624556418e-08	1.86301330948e-08	-8.55512209143e-09	-9.17960860826e-10	-2.5004938326e-10	5.13285751293e-11	1.7597113413e-15	4.02112925287e-16	-1.16763760993e-10	-3.96934989555e-14	-1.5939719274e-15	-6.35965092442e-10	2.17356452213e-13	-5.8969707047e-16	7.48944955899e-11	2.56466190891e-17	-1.32613702016e-16	-3.98932294884e-11	2.69703733621e-14	1.65404428622e-15	1.85826674654e-16	-5.58273533849e-16	2.47459749377e-10	2.5696236621e-14	-1.40090316413e-15	-9.13278419907e-18	1.14675621492e-16	-2.10596707051e-16	-5.67388595268e-12	-3.54131912621e-14	-1.07617009073e-15	2.06626915254e-17	-1.92165050228e-17	-4.994090775e-19	3.57191935838e-16	7.8107756471e-11	1.82051849517e-13	1.4604706639e-15	-2.00471833085e-16	1.9620812839e-10	-1.83560999854e-09	2.75865876751e-09	-4.29577244925e-09	-6.06225821263e-09	6.82054363989e-14	4.72277659481e-16	-1.40594931302e-10	-2.43830606012e-13	1.41070001485e-16	1.02945018417e-09	3.72148193618e-16	9.3989565012e-17	1.01754305414e-11	4.9996698774e-16	6.47781194395e-16	-7.74699666622e-16	8.21480797221e-16	-1.47673615337e-10	3.33112364367e-14	-4.74425919663e-16	
3.11475583664e-10	2.59308571845e-08	-3.38484213481e-08	1.57253156683e-08	1.6486367972e-09	4.37210966243e-10	-8.92484936147e-11	-1.37843646e-17	-7.20270994409e-16	2.0248910618e-10	6.79995238098e-14	2.87542664552e-15	1.13526501904e-09	-3.91649791584e-13	1.05677935073e-15	-1.3746956596e-10	-6.2634099629e-17	2.67615792358e-16	6.94269221993e-11	-4.82074581001e-14	-3.17966364927e-15	-3.25851245105e-16	9.93019659373e-16	-4.44643814851e-10	-4.81682267203e-14	2.61766654888e-15	1.64329076377e-17	-2.10596707051e-16	3.87571147348e-16	9.47196530528e-12	6.32999975825e-14	1.95890167925e-15	-3.09891378779e-17	3.4582111996e-17	3.2635708424e-18	-6.47847526294e-16	-1.39555732318e-10	-3.29312446222e-13	-2.61895406357e-15	3.57509587918e-16	-3.51098037644e-10	3.29401216499e-09	-4.95436657144e-09	7.70623599688e-09	1.09112996318e-08	-1.2374374337e-13	-8.49467424085e-16	2.53619682494e-10	4.42660994277e-13	-2.55686450766e-16	-1.86023688019e-09	-6.6767637706e-16	-1.72824211377e-16	-1.8652552925e-11	-6.0932785928e-16	-1.15409877087e-15	1.39048608232e-15	-1.46244453245e-15	2.69201535538e-10	-6.12810013555e-14	8.40995297398e-16	
-5.25337794608e-05	0.00013877784136	-0.00134389069817	0.00040685125762	8.83913856029e-05	3.78074763864e-05	-8.33848557276e-06	-3.80849739428e-09	-4.09341615621e-11	1.95885241294e-05	7.62595702204e-09	1.38809961296e-10	6.92335159181e-05	-1.94462039843e-08	5.94461239459e-11	-3.78755995604e-06	1.66974959434e-11	-2.12830855453e-11	6.40925617224e-06	-2.86382951997e-09	8.2481947252e-11	-2.70173096966e-11	6.48901969479e-11	-2.35832727641e-05	-1.4007688944e-10	1.7305977216e-11	8.43975527616e-13	-5.67388595268e-12	9.47196530528e-12	1.37694569166e-06	3.75841006455e-09	7.34123682748e-11	-9.06806980352e-12	1.76976126832e-12	-2.68892731748e-12	-2.70634041747e-11	-8.3584013473e-06	-1.48104887236e-08	-1.45276991588e-10	2.22333419806e-11	-2.03818293997e-05	0.00017987712608	-0.000265774852071	0.000423906447969	0.000556422283953	-5.12387745708e-09	-4.40102309462e-11	1.22492424307e-05	1.79890611091e-08	-1.08915170677e-11	-8.5979983016e-05	-3.66363300525e-11	-4.39996869056e-12	-5.42980443968e-07	-3.81909031704e-10	-7.3132665937e-11	7.55875906368e-11	-9.40388462836e-11	9.61321601704e-06	-1.5251249002e-09	5.84771043724e-11	
-6.52452895384e-08	3.27960260314e-06	-6.52574245437e-06	2.61184170848e-06	3.62124214011e-07	1.23769404938e-07	-2.64637151901e-08	-7.35422771534e-12	-1.6268109643e-13	6.1334939895e-08	2.2620205376e-11	6.01944251448e-13	2.65513930565e-07	-8.30298148983e-11	2.37503002645e-13	-2.32782942641e-08	2.49614354763e-14	-1.00071736721e-14	2.04370432712e-08	-1.11278106265e-11	-2.10056393216e-13	-9.0004453661e-14	2.40608022797e-13	-9.71716464337e-08	-5.86481905922e-12	3.3743356184e-13	3.53792878621e-15	-3.54131912621e-14	6.32999975825e-14	3.75841006455e-09	1.46077626833e-11	3.69240959111e-13	-2.11058394259e-14	7.43313448293e-15	-4.81216192474e-15	-1.27490966161e-13	-3.23449837056e-08	-6.68401452798e-11	-5.84641978422e-13	8.44454848045e-14	-8.01263280882e-08	7.29843550893e-07	-1.08851445882e-06	1.71341049088e-06	2.34148833618e-06	-2.42640140336e-11	-1.83624933356e-13	5.3104279105e-08	8.61412568892e-11	-5.07231153897e-14	-3.82044605813e-07	-1.48275286918e-13	-2.85667857953e-14	-3.21462792205e-09	-8.08076723212e-13	-2.75228973019e-13	3.07423077856e-13	-3.51402239486e-13	4.98249256282e-08	-1.00617248274e-11	2.10570481888e-13	
2.3332469164e-10	1.20027293244e-07	-1.82599162868e-07	7.99829330305e-08	9.40510414637e-09	2.81449424908e-09	-5.88367369387e-10	-8.4973333131e-14	-4.16064181201e-15	1.34983898945e-09	4.76660807613e-13	1.60613107612e-14	6.66296507546e-09	-2.19967156107e-12	6.09082819894e-15	-7.04352850733e-10	8.9830170875e-17	7.32282484393e-16	4.55970974548e-10	-2.81237464643e-13	-1.24994990535e-14	-2.0717572956e-15	5.92468539579e-15	-2.53088078622e-09	-2.20333970918e-13	1.21900069136e-14	9.29195335537e-17	-1.07617009073e-15	1.95890167925e-15	7.34123682748e-11	3.69240959111e-13	1.04702598346e-14	-3.41917484914e-16	1.95402550005e-16	-4.5233323031e-17	-3.5248025547e-15	-8.15668036148e-10	-1.81521192227e-12	-1.50489509617e-14	2.10785869845e-15	-2.03766647838e-09	1.88644903569e-08	-2.82668375498e-08	4.42017560055e-08	6.16092108085e-08	-6.72250757571e-13	-4.81182477057e-15	1.4167777271e-09	2.39721539608e-12	-1.39582691523e-15	-1.03055358387e-08	-3.82764944163e-15	-8.77435686232e-16	-9.62181113886e-11	-1.12624518058e-14	-6.83482672827e-15	7.95553022145e-15	-8.69139559547e-15	1.42827219013e-09	-3.10344932825e-13	5.09616205793e-15	
4.11476846224e-10	1.5177129345e-09	6.45498089249e-09	-1.42085798675e-09	-4.80802802187e-10	-2.31740852537e-10	5.18096625473e-11	2.76307118514e-14	2.26867719877e-16	-1.22407872182e-10	-4.87087793982e-14	-7.2716937368e-16	-3.91786653694e-10	1.0295882791e-13	-3.28416784736e-16	1.40962717777e-11	-1.27244475589e-16	1.80471393714e-16	-3.97421959787e-11	1.60847191605e-14	-9.0800522907e-16	1.64296061633e-16	-3.74123110791e-16	1.27815353423e-10	-3.6732916823e-15	1.2929164808e-16	-4.52346554701e-18	2.06626915254e-17	-3.09891378779e-17	-9.06806980352e-12	-2.11058394259e-14	-3.41917484914e-16	6.27751268561e-17	-9.47339777169e-18	1.98268972384e-17	1.3328131953e-16	4.70563059787e-11	7.5394092898e-14	7.99059929904e-16	-1.2650439207e-16	1.13695206012e-10	-9.84373819641e-10	1.44594338873e-09	-2.32532773471e-09	-2.974737842e-09	2.51280780759e-14	2.36607327723e-16	-6.41806633296e-11	-8.74203287266e-14	5.41286467399e-17	4.42706054505e-10	2.00805915755e-16	1.50974369348e-17	2.12353312959e-12	2.71156750952e-15	4.18242794163e-16	-4.13039791508e-16	5.39904670468e-16	-4.35382883797e-11	5.0990985745e-15	-3.42394668682e-16	
-2.07568357962e-11	1.91423212707e-09	-3.43726015376e-09	1.42132544811e-09	1.85929800875e-10	6.09041800959e-11	-1.29335518867e-11	-3.07512900237e-15	-8.31008674835e-17	2.98847413233e-11	1.08815898285e-14	3.11889776295e-16	1.34786118883e-10	-4.29166600209e-14	1.21431051816e-16	-1.26114999154e-11	9.12489476947e-18	1.42004384862e-18	9.9986894442e-12	-5.6620984965e-15	-1.54410424533e-16	-4.44549166678e-17	1.21394096366e-16	-4.99391707324e-11	-3.46079317755e-15	1.95898791468e-16	1.82334476464e-18	-1.92165050228e-17	3.4582111996e-17	1.76976126832e-12	7.43313448293e-15	1.95402550005e-16	-9.47339777169e-18	3.83200950206e-18	-1.94364774048e-18	-6.68710865263e-17	-1.64460153343e-11	-3.4842280859e-14	-2.99284860621e-16	4.27936349656e-17	-4.08535102493e-11	3.74130654323e-10	-5.58861986565e-10	8.77760630433e-10	1.20747986575e-09	-1.27362044098e-14	-9.45630725372e-17	2.75141760779e-11	4.52857863692e-14	-2.65618791348e-17	-1.98689698457e-10	-7.59763501136e-17	-1.55630006784e-17	-1.73465220985e-12	-3.50620850549e-16	-1.3924242222e-16	1.5765308713e-16	-1.77547869342e-16	2.64693583629e-11	-5.49013328768e-15	1.05651731359e-16	
1.4800182046e-10	1.41470652844e-09	9.6379436766e-10	7.794523363e-11	-1.0237977315e-10	-6.1875892806e-11	1.41313303551e-11	9.2045928769e-15	5.03288882636e-17	-3.36808829202e-11	-1.38432296471e-14	-1.4144706484e-16	-9.07221728736e-11	2.05698932024e-14	-7.23622758744e-17	-1.232929523e-13	-4.45868875601e-17	6.95055131015e-17	-1.08060015522e-11	3.66850831736e-15	-4.13971662098e-16	4.33109503728e-17	-8.98244718754e-17	2.69928907617e-11	-2.9124293124e-15	1.34843393088e-16	-9.3087094272e-19	-4.994090775e-19	3.2635708424e-18	-2.68892731748e-12	-4.81216192474e-15	-4.5233323031e-17	1.98268972384e-17	-1.94364774048e-18	6.7196767537e-18	2.16899292784e-17	1.07840915358e-11	1.3572223817e-14	1.74388587901e-16	-2.96109060268e-17	2.55683465296e-11	-2.12459037912e-10	3.08020529226e-10	-5.04509163077e-10	-6.08494561706e-10	4.0331159763e-15	4.90442279448e-17	-1.24901504544e-11	-1.36049417904e-14	9.0688989796e-18	8.226968362e-11	4.34903539034e-17	-1.0292237456e-18	5.352528304e-14	8.8198748502e-16	9.88756696872e-17	-8.88550252952e-17	1.28596897013e-16	-5.0669449658e-12	-4.496463487e-16	-8.4583931243e-17	
6.9043319104e-11	-3.84922205376e-08	6.16450963846e-08	-2.65067194472e-08	-3.22737946247e-09	-9.96740376512e-10	2.09552485957e-10	3.73595838384e-14	1.43272224316e-15	-4.82006284333e-10	-1.72139223163e-13	-5.47839800768e-15	-2.30442818724e-09	7.51478862954e-13	-2.09608190172e-15	2.33983597691e-10	-7.401944716e-17	-1.74544590171e-16	-1.62254218707e-10	9.71084790646e-14	3.7444254936e-15	7.31488658787e-16	-2.05815705316e-15	8.67924730743e-10	7.03476749152e-14	-3.91803169024e-15	-3.18056729077e-17	3.57191935838e-16	-6.47847526294e-16	-2.70634041747e-11	-1.27490966161e-13	-3.5248025547e-15	1.3328131953e-16	-6.68710865263e-17	2.16899292784e-17	1.19302195459e-15	2.81785009322e-10	6.16764954928e-13	5.17454808928e-15	-7.29918005427e-16	7.02584130726e-10	-6.48042687473e-09	9.70013660971e-09	-1.51910434069e-08	-2.10797540533e-08	2.27430683294e-13	1.647883451e-15	-4.83265627546e-10	-8.10237823418e-13	4.72913512566e-16	3.50673717168e-09	1.31527212894e-15	2.90613820045e-16	3.2033024207e-11	4.61689495712e-15	2.36962574318e-15	-2.73218861234e-15	3.01613183301e-15	-4.79733475379e-10	1.0270396036e-13	-1.77759012635e-15	
